Zonal winds (U) derived from VIMS, ISS(CB), and CIRS observations
Latitude is planetocentric and wind & wind uncertainty is m/s 

VIMS measurements of zonal winds in 2015 
latitude  zonal-wind  uncertainty
 -5.00    392.688      15.790
 -4.50    405.341      16.735
 -4.00    417.995      17.679
 -3.50    430.641      17.665
 -3.00    443.287      17.650
 -2.50    436.000      17.608
 -2.00    428.712      17.566
 -1.50    421.333      17.522
 -1.00    413.591      12.320
 -0.50    415.388      12.729
  0.00    419.401      23.085
  0.50    416.329      21.610
  1.00    413.374      18.859
  1.50    411.782      21.564
  2.00    409.926      19.910
  2.50    407.293      20.176
  3.00    407.038      18.624
  3.50    409.148      20.919
  4.00    410.544      18.752
  4.50    410.231      19.480
  5.00    410.065      18.508
  5.50    408.345      21.868
  6.00    407.007      21.356
  6.50    407.209      21.784
  7.00    410.514      21.240
  7.50    409.542      22.001
  8.00    402.096      19.431
  8.50    395.691      17.774
  9.00    387.366      17.452
  9.50    381.437      18.048
 10.00    365.387      18.483
 10.50    351.820      19.148
 11.00    330.679      20.757
 11.50    317.693      19.064
 12.00    305.883      16.787
 12.50    298.276      17.715
 13.00    281.680      21.887
 13.50    268.398      24.116
 14.00    247.374      22.403
 14.50    236.271      18.944
 15.00    220.727      15.477
 15.50    209.557      15.117
 16.00    200.153      15.256
 16.50    196.486      14.916
 17.00    188.444      16.016
 17.50    180.427      16.723
 18.00    168.801      16.343
 18.50    163.325      16.621
 19.00    153.955      18.405
 19.50    146.476      20.170
 20.00    129.380      19.514
 20.50    117.840      18.297
 21.00    109.879      17.930
 21.50    104.257      17.654
 22.00     94.882      19.023
 22.50     90.942      19.617
 23.00     86.499      18.329
 23.50     83.197      16.717
 24.00     78.804      15.315
 24.50     77.196      14.214
 25.00     74.723      13.675
 25.50     73.756      14.492
 26.00     73.008      14.487
 26.50     70.012      14.529
 27.00     62.397      14.441
 27.50     57.330      14.746
 28.00     51.345      15.893
 28.50     49.248      16.400
 29.00     44.332      17.685
 29.50     34.918      17.463
 30.00     12.885      14.204
 30.50      4.849      12.675
 31.00      3.560      12.956
 31.50      2.254      13.539
 32.00      1.011      13.567
 32.50      0.776      13.344
 33.00      0.543      12.940
 33.50     -0.464      14.062
 34.00     -3.023      17.649
 34.50     -2.491      17.612
 35.00      3.830      18.653
 35.50      8.449      21.302
 36.00     13.673      19.248
 36.50     23.027      22.250
 37.00     40.855      23.815
 37.50     46.254      27.545
 38.00     51.695      27.827
 38.50     61.784      18.990
 39.00     81.521      31.358
 39.50     91.641      28.034
 40.00    107.011      24.724

ISS (CB) measurements of zonal winds in 2014
latitude  zonal-wind  uncertainty
 -5.00    376.803       2.885
 -4.80    377.957       3.175
 -4.60    375.902       3.838
 -4.40    369.453       4.446
 -4.20    365.704       4.152
 -4.00    366.786       3.893
 -3.80    365.795       3.091
 -3.60    368.659       2.120
 -3.40    370.080       2.995
 -3.20    367.893       3.523
 -3.00    368.520       3.113
 -2.80    373.367       3.987
 -2.60    367.172       3.789
 -2.40    367.350       4.284
 -2.20    365.905       4.208
 -2.00    372.800       4.364
 -1.80    374.165       4.785
 -1.60    376.770       6.092
 -1.40    376.885       6.435
 -1.20    374.942       6.049
 -1.00    379.130       6.145
 -0.80    386.878       6.632
 -0.60    393.938       6.906
 -0.40    396.192       5.144
 -0.20    395.449       4.472
  0.00    398.856       4.413
  0.20    402.327       4.722
  0.40    396.637       5.290
  0.60    393.858       4.663
  0.80    391.625       4.495
  1.00    388.008       5.254
  1.20    383.401       4.432
  1.40    377.523       4.016
  1.60    371.809       2.115
  1.80    370.495       2.005
  2.00    376.010       2.710
  2.20    372.699       1.931
  2.40    373.205       1.876
  2.60    370.999       2.866
  2.80    371.064       1.837
  3.00    370.555       2.179
  3.20    371.004       1.314
  3.40    367.742       1.729
  3.60    369.295       1.700
  3.80    369.513       1.928
  4.00    373.747       1.989
  4.20    377.435       1.804
  4.40    378.791       1.386
  4.60    381.310       1.300
  4.80    383.230       1.187
  5.00    387.235       1.394
  5.20    388.235       1.256
  5.40    390.698       1.209
  5.60    393.036       0.807
  5.80    395.490       1.110
  6.00    397.685       0.776
  6.20    398.351       0.751
  6.40    399.783       0.688
  6.60    398.538       0.835
  6.80    399.489       0.674
  7.00    399.962       0.565
  7.20    399.498       0.589
  7.40    399.050       0.535
  7.60    399.685       0.575
  7.80    398.791       0.516
  8.00    397.639       0.527
  8.20    395.585       0.558
  8.40    393.177       0.627
  8.60    388.869       0.638
  8.80    386.653       0.746
  9.00    382.486       0.677
  9.20    378.720       0.623
  9.40    372.704       0.688
  9.60    368.211       0.702
  9.80    363.284       0.831
 10.00    357.740       0.780
 10.20    352.740       0.870
 10.40    346.872       1.048
 10.60    341.706       0.814
 10.80    335.445       0.742
 11.00    330.484       0.778
 11.20    323.709       0.878
 11.40    318.295       0.902
 11.60    313.750       0.663
 11.80    310.292       0.693
 12.00    308.443       0.815
 12.20    304.537       0.835
 12.40    299.482       0.998
 12.60    293.150       1.017
 12.80    284.440       1.573
 13.00    277.511       1.132
 13.20    270.394       1.094
 13.40    263.226       0.822
 13.60    257.770       0.590
 13.80    251.738       0.818
 14.00    246.865       0.953
 14.20    240.675       0.735
 14.40    233.819       0.986
 14.60    228.554       0.669
 14.80    223.757       0.446
 15.00    219.056       0.538
 15.20    214.742       0.695
 15.40    209.690       0.570
 15.60    206.423       0.425
 15.80    203.263       0.484
 16.00    200.697       0.508
 16.20    198.008       0.429
 16.40    195.580       0.442
 16.60    193.368       0.387
 16.80    191.324       0.452
 17.00    189.342       0.412
 17.20    186.457       0.511
 17.40    183.798       0.498
 17.60    179.667       0.550
 17.80    176.280       0.455
 18.00    174.184       0.459
 18.20    171.140       0.530
 18.40    168.399       0.523
 18.60    165.030       0.540
 18.80    160.674       0.503
 19.00    156.557       0.612
 19.20    152.465       0.523
 19.40    146.769       1.095
 19.60    141.204       0.985
 19.80    135.001       1.472
 20.00    131.740       0.960
 20.20    127.259       0.698
 20.40    122.664       0.505
 20.60    118.374       0.599
 20.80    113.057       0.494
 21.00    108.973       0.613
 21.20    105.402       0.679
 21.40    101.408       0.658
 21.60     97.789       0.657
 21.80     95.111       0.594
 22.00     92.110       0.807
 22.20     89.305       0.676
 22.40     84.840       0.520
 22.60     83.280       0.575
 22.80     81.524       0.589
 23.00     80.361       0.587
 23.20     79.685       0.518
 23.40     78.537       0.618
 23.60     76.404       0.726
 23.80     76.596       0.777
 24.00     74.640       0.651
 24.20     74.319       0.504
 24.40     73.404       0.433
 24.60     72.201       0.402
 24.80     71.778       0.403
 25.00     71.880       0.404
 25.20     70.585       0.377
 25.40     70.173       0.416
 25.60     69.903       0.427
 25.80     68.954       0.355
 26.00     68.302       0.382
 26.20     66.900       0.440
 26.40     65.700       0.470
 26.60     64.083       0.414
 26.80     61.858       0.425
 27.00     60.394       0.490
 27.20     58.066       0.627
 27.40     55.651       0.910
 27.60     54.289       0.434
 27.80     53.372       0.421
 28.00     52.180       0.497
 28.20     50.995       0.547
 28.40     48.957       0.579
 28.60     47.712       0.570
 28.80     45.256       0.478
 29.00     42.820       0.563
 29.20     38.283       0.616
 29.40     34.962       0.688
 29.60     32.980       0.620
 29.80     28.214       0.637
 30.00     25.917       0.693
 30.20     18.535       1.210
 30.40     17.067       0.938
 30.60     13.568       0.929
 30.80      9.980       1.585
 31.00      6.538       1.139
 31.20      3.052       1.312
 31.40      0.245       1.547
 31.60     -4.975       1.790
 31.80    -10.754       2.607
 32.00    -15.835       2.825
 32.20    -16.647       2.483
 32.40    -15.911       2.095
 32.60    -19.050       2.792
 32.80    -20.946       3.173
 33.00    -21.597       3.238
 33.20    -21.284       3.300
 33.40    -19.182       3.356
 33.60    -16.033       3.611
 33.80    -11.317       4.165
 34.00     -7.554       4.392
 34.20     -6.649       3.640
 34.40     -5.938       3.061
 34.60     -6.321       3.466
 34.80     -4.959       3.727
 35.00      0.476       3.651
 35.20      3.345       3.391
 35.40      4.504       3.008

Extrapolated zonal winds from CIRS observations
latitude  zonal-wind 
 -5.00    471.734
 -4.00    474.745
 -3.00    480.429
 -2.00    477.317
 -1.00    465.867
  0.00    470.982
  1.00    480.754
  2.00    487.515
  3.00    492.177
  4.00    480.583
  5.00    481.201
  6.00    472.591
  7.00    458.312
  8.00    439.823
  9.00    412.038
 10.00    377.006
 11.00    348.980
 12.00    326.939
 13.00    296.007
 14.00    228.369
 15.00    237.553
 16.00    219.193
 17.00    207.838
 18.00    192.681
 19.00    175.053
 20.00    150.237
 21.00    127.470
 22.00    110.607
 23.00     98.857
 24.00     93.137
 25.00     90.377
 26.00     86.799
 27.00     78.891
 28.00     70.677
 29.00     61.317
 30.00     44.414
 31.00    -11.959
 32.00    -34.331
 33.00    -40.093
 34.00    -26.050
 35.00    -18.021
 36.00    -10.516
