Zonal winds (U) measured by Cassini VIMS 5um images
Latitude is planetocentric and the unit of wind & wind uncertainty is m/s 
Raw data in different years is saved first (panel A of Fig. 10)
Averaged winds in each latitude bin are saved second (panel B of Fig. 10)

Raw data of zonal winds in 2006
latitude  zonal-wind  uncertainty
 25.04     81.597      31.821
 24.75     71.600      31.821
 29.29     68.282      31.821
  9.04    373.288      31.821
  7.76    352.087      31.821
  8.35    368.463      31.821
  5.98    387.933      31.821
  8.94    390.386      31.821
 11.41    330.672      31.821
 22.18    120.374      31.821
 19.12    166.195      31.821
 19.91    143.905      31.821
 20.01    159.775      31.821
 17.34    184.530      31.821
 15.07    225.639      31.821
 13.69    260.605      31.821
 13.49    249.768      31.821
 27.31     74.763      31.821
 29.19     58.593      31.821
 28.40     73.892      31.821
 27.61     69.560      31.821
 29.68     63.117      31.821
 33.14     -4.653      31.821
 32.94      0.000      31.821
 26.82     70.141      31.821
 24.84     76.642      31.821
 23.26     88.137      31.821
 28.37     79.241      30.174
 27.31     84.867      30.174
 27.31     75.438      30.174
 27.57     70.524      30.174
 32.96      0.000      30.174
 24.92     77.272      30.174
 23.15     98.176      30.174
  9.02    385.228      30.174
  8.84    390.809      30.174
  7.96    370.425      30.174
  9.11    379.763      30.174
 20.68    140.320      30.174
 20.06    161.136      30.174
 18.83    182.942      30.174
 15.29    223.557      30.174
 13.97    246.147      30.174
 11.67    323.028      30.174
 27.31     70.999      28.480
 29.29     60.786      28.480
 25.23     81.574      28.480
 22.26    116.403      28.480
 19.79    151.975      28.480
 27.08     71.167      28.480
 22.94     97.204      28.480
  8.48    383.383      28.480
  9.88    371.503      28.480
 13.62    261.709      28.480
 13.83    256.495      28.480
 13.44    276.778      28.480
 17.01    193.690      28.480
 17.30    193.323      28.480
 19.08    171.867      28.480
 32.56      8.346      28.480
 29.26     60.807      28.480
 29.37     56.397      28.480
 29.18     60.863      28.480
 27.25     61.784      26.518
 28.21     65.226      26.518
 27.12     74.244      26.518
 24.60     71.900      26.518
 24.88     71.709      26.518
 22.12    108.108      26.518
 19.05    155.031      26.518
 19.95    140.807      26.518
 13.62    256.510      26.518
  8.31    383.920      26.518
  8.09    374.811      26.518
  9.14    392.212      26.518
  5.93    386.364      26.518
 14.90    218.357      26.518
 15.11    209.009      26.518
 17.66    183.369      26.518
 16.32    207.522      26.518
 20.65    122.535      26.518
 22.52     94.807      26.518
 29.31     56.377      26.518
 29.02     52.519      26.518
 27.96     61.313      26.518
 29.04     60.590      26.518
 29.05     56.542      26.518
 11.34    310.196      26.518
-10.13    349.734      17.278
-10.34    340.417      17.278
 -9.27    359.908      17.278
-11.44    329.884      17.278
-15.12    238.483      17.278
-15.27    247.114      17.278
-11.97    296.208      17.278
-16.28    222.229      17.278
-16.87    224.321      17.278
-15.55    237.891      17.278
-20.12    139.531      17.278
-20.53    139.096      17.278
-22.70    114.321      17.278
-20.10    145.254      17.278
-20.33    136.466      17.278
-22.43    100.610      17.278
-22.33    109.094      17.278
-17.39    209.060      17.278
-13.34    264.841      16.916
-13.70    259.501      16.916
 -9.85    352.775      16.916
 -9.49    360.651      16.916
-11.45    345.623      16.916
 -8.55    374.196      16.916
-15.08    223.865      16.916
-18.06    172.474      16.916
-16.97    209.421      16.916
-19.88    135.255      16.916
-22.13    112.228      16.916
-23.14    106.704      16.916
-20.38    139.375      16.916
-20.38    144.021      16.916
-20.24    137.206      16.916
 -7.60    370.680      17.176
 -9.01    369.050      17.176
 -8.22    376.038      17.176
 -7.90    370.359      17.176
 -8.75    372.389      17.176
 -9.61    338.197      17.176
-10.55    333.993      17.176
-11.95    314.141      17.176
-12.74    283.299      17.176
-14.05    254.877      17.176
-18.48    167.657      17.176
-16.86    201.417      17.176
 -3.24    367.483      66.224
 -6.70    365.120      66.224
 -7.20    390.696      66.224
 -8.68    337.110      66.224
 -9.26    362.336      66.224
 -8.76    337.019      66.224
-15.03    176.450      66.224
 -8.02    389.778      66.224
-11.40    333.667      66.224
-13.38    279.739      66.224
-17.75    148.713      66.224
-20.56     72.856      66.224
-19.73     73.317      66.224
-19.81    122.120      66.224
-16.27    175.164      66.224
 -6.95    364.889      66.224
 -7.58    377.591      55.671
 -7.35    377.837      55.671
 -8.82    395.951      55.671
-10.37    334.684      55.671
 -9.44    375.355      55.671
-12.85    253.178      55.671
-11.92    293.398      55.671
-12.15    312.629      55.671
-11.92    312.958      55.671
-11.84    313.066      55.671
-14.56    231.655      55.671
-14.63    231.556      55.671
-14.48    231.753      55.671
-16.18    210.355      55.671
-16.57    171.696      55.671
-18.27    150.913      55.671
-20.13    111.660      55.671
-19.98    111.792      55.671
-21.53    110.432      55.671
-22.07    109.935      55.671
-14.09    232.237      55.671
-22.77     91.067      55.671
-24.94     35.711      55.671
-25.71     70.886      55.671
-18.35    150.831      55.671

Raw data of zonal winds in 2009
latitude  zonal-wind  uncertainty
 13.06    278.559      24.953
 14.38    247.319      24.953
 14.55    242.908      24.953
 15.79    228.715      24.953
 17.52    197.436      24.953
 19.17    166.715      24.953
 16.12    211.659      24.953
 15.62    216.452      24.953
  8.68    382.416      24.953
  7.02    392.918      24.953
  9.26    385.960      24.953
  8.18    387.320      24.953
  8.76    378.017      24.953
 10.41    333.073      24.953
 10.00    363.539      24.953
 22.81    106.641      24.953
 22.56    106.871      24.953
 20.66    136.703      24.953
  8.00    386.174      21.292
  7.27    396.427      21.292
  8.58    390.174      21.292
 10.41    336.268      21.292
 -8.12    353.076      21.292
 -8.48    371.497      21.292
  8.10    395.525      20.952
  8.68    383.839      20.952
  7.19    396.557      20.952
  9.17    375.902      20.952
 10.58    348.534      20.952
  9.83    356.812      20.952
 13.47    283.086      20.952
 16.69    200.538      20.952
 19.09    166.152      20.952
 20.66    143.669      20.952
 16.69    200.538      20.952
 17.36    189.176      20.952
 -7.19    385.542      20.952
 -7.52    374.185      20.952
  5.87    390.475      20.952
 13.83    268.289      67.283
 14.71    244.768      67.283
  9.52    364.550      67.283
 10.32    408.908      67.283
  7.74    412.492      67.283
  6.91    390.470      67.283
  8.94    342.465      67.283
  9.45    341.861      67.283
 13.90    290.540      67.283
 13.58    223.864      67.283
 17.61    131.165      67.283
 17.09    219.355      67.283
 20.44     64.259      67.283
 17.37    175.166      67.283
 19.38    172.733      67.283
 22.20    105.572      67.283
 16.98    219.514      67.283
 17.08    175.501      67.283
 -7.85    320.728      67.283
 -8.55    365.760      67.283
 -7.58    343.907      67.283
 -7.83    343.657      67.283
 -7.66    366.750      67.283
 13.55    263.786      20.765
 14.46    236.530      20.765
 14.63    228.525      20.765
 16.86    199.886      20.765
 17.44    186.372      20.765
 16.94    192.097      20.765
 16.53    200.304      20.765
 17.44    186.372      20.765
 19.17    161.438      20.765
 20.25    137.624      20.765
 22.56    103.129      20.765
 20.74    132.108      20.765
 21.24    119.171      20.765
 13.06    285.388      20.765
  9.26    367.126      20.765
  9.92    366.253      20.765
  9.26    375.107      20.765
  8.68    389.165      20.765
  7.11    409.724      20.765
  7.77    395.604      20.765
  7.27    401.512      20.765
  5.62    400.431      20.765
 12.89    214.474      74.854
 19.50    123.577      74.854
 11.82    344.877      74.854
  8.93    355.390      33.215
  7.03    431.362      33.215
  8.76    392.370      33.215
 15.20    202.487      33.215
 13.22    252.798      33.215
 11.48    327.653      33.215
 18.82    139.632      33.215
 17.42    176.229      33.215
 20.72    114.713      33.215
  9.63    372.800      18.564
  7.21    392.194      18.564
  7.22    395.506      18.564
  6.12    409.873      18.564
  7.94    391.384      18.564
  7.54    398.456      18.564
 16.06    214.906      18.564
 17.55    190.809      18.564
 19.28    160.467      18.564
 19.55    138.386      18.564
 21.45    121.023      18.564
 22.53     95.654      18.564
 20.29    140.692      18.564
 17.81    187.326      18.564
 16.99    197.834      18.564
 17.67    184.355      18.564
 15.27    231.900      18.564
 14.45    236.192      18.564
 14.68    239.105      18.564
 10.68    345.130      18.564
 11.74    311.027      18.564
 17.04    197.769      18.564
 -8.04    392.914      55.803
-10.82    345.830      55.803
 -7.02    437.831      55.803
 -9.71    347.319      55.803
-13.42    277.676      55.803
-13.05    299.590      55.803
-24.28     98.808      55.803
-27.06     96.126      55.803
-27.53     95.657      55.803
-31.70      0.000      55.803
-21.59    101.168      55.803
-22.52     80.305      55.803
-20.01     61.464      55.803
-18.43    124.351      55.803
-16.02    189.484      55.803
 -8.04    377.500      26.940
-10.55    321.508      26.940
 -8.60    355.614      26.940
-13.52    270.414      26.940
-13.14    250.078      26.940
-13.33    234.232      26.940
-15.84    215.624      26.940
 13.79    268.575      24.041
 10.25    363.891      24.041
  9.42    372.936      24.041
  9.34    373.045      24.041
  8.76    397.635      24.041
  9.92    364.346      24.041
  5.71    400.942      24.041
  6.45    400.264      24.041
  7.53    391.158      24.041
 16.76    198.968      24.041
 17.01    194.833      24.041
 17.18    198.442      24.041
 14.70    224.662      24.041
 14.78    243.917      24.041
 16.43    207.049      24.041
 19.32    165.440      24.041
 13.69    259.802      22.568
 13.73    267.120      22.568
 10.31    353.620      22.568
  9.81    358.030      22.568
  8.83    396.884      22.568
  6.08    403.730      22.568
  9.29    377.482      22.568
  9.25    377.523      22.568
 14.72    229.055      22.568
 14.88    225.189      22.568
 17.04    196.972      22.568
 17.19    196.779      22.568
 17.43    189.274      22.568
 15.92    220.185      22.568
 14.67    240.125      22.568
 16.67    197.455      22.568
 19.42    154.653      22.568
 20.33    142.996      22.568
 20.24    139.567      22.568
 22.40    112.843      22.568
  7.23    391.228      22.568
 19.32    169.015      22.568
 16.68    183.803      65.473
 18.25    181.908      65.473
 13.63    290.951      65.473
 10.00    359.042      65.473
  9.42    402.128      65.473
  8.93    318.011      65.473
  7.61    404.466      65.473
  7.77    404.274      65.473
 20.80    138.826      65.473
 14.21    207.193      65.473
 -8.06    425.187      65.473
 -7.48    362.018      65.473
 -7.65    340.563      65.473
  7.86    402.774      21.124
  7.31    395.262      21.124
  6.21    412.705      21.124
  2.09    448.259      21.124
  7.55    399.069      21.124
 10.60    346.587      21.124
 11.00    341.991      21.124
 15.72    208.240      21.124
 15.23    228.532      21.124
 17.87    182.158      21.124
 17.46    194.318      21.124
 19.44    164.820      21.124
 20.27    140.930      21.124
 14.97    228.879      21.124
 14.07    249.829      21.124
 12.83    291.310      21.124
  9.60    364.079      21.124
 -7.19    401.957      47.305
 -7.19    401.957      47.305
 -6.54    377.467      47.305
 -8.12    375.830      47.305
 -8.12    350.775      47.305
-11.93    321.076      47.305
-12.30    320.532      47.305
 -8.96    299.859      47.305
 -9.70    348.926      47.305
-14.91    194.636      47.305
-16.02    169.200      47.305
-15.46    169.762      47.305
-15.09    243.038      47.305
-16.12    169.105      47.305
-20.67     93.609      47.305
-18.16    143.037      47.305
 -6.73    377.292      47.305
 -5.98    403.159      47.305
 -7.00    351.887      47.305
 -7.56    426.641      47.305
-30.25     21.303      47.305
-33.60    -20.426      47.305
-27.74     65.745      47.305
-22.53     69.139      47.305
-27.18     44.090      47.305
  7.44    385.078      24.633
  8.10    365.121      24.633
 10.00    353.229      24.633
 12.72    297.245      24.633
 15.11    218.989      24.633
 18.91    145.502      24.633
-11.65    253.283      45.744
-11.19    324.286      45.744
 -6.73    372.127      45.744
 -7.56    399.855      45.744
 -7.47    399.960      45.744
 -8.68    370.034      45.744
-16.02    220.067      45.744
-20.95     93.009      45.744
-18.90    121.451      45.744
-21.88     65.933      45.744
-30.25     12.122      45.744
-31.27     11.974      45.744
-27.74     62.351      45.744
-14.91    238.923      49.273
-11.93    272.862      49.273
-11.56    364.415      49.273
-20.95     71.659      49.273
-27.92     40.271      49.273
-29.23     39.694      49.273
-30.06     52.415      49.273
-15.84    237.637      49.273
-28.57     53.313      49.273
-15.19    243.773      47.831
-27.37    110.401      47.831
-24.58     48.655      47.831
-24.20     48.824      47.831
  8.49    380.638      64.068
 10.32    378.193      64.068
  6.92    382.365      64.068
 13.15    266.778      64.068
 17.62    129.967      64.068
 16.88    156.717      64.068
 12.73    294.059      64.068
 15.80    184.065      64.068
 14.63    211.778      64.068
 13.96    212.538      64.068
 10.18    351.369      64.068

Raw data of zonal winds in 2011
latitude  zonal-wind  uncertainty
  7.90    387.020      15.551
  6.96    395.746      15.551
  8.48    388.889      15.551
  7.46    392.637      15.551
  7.83    394.793      15.551
  7.61    402.737      15.551
  9.42    372.358      15.551
  8.41    391.538      15.551
  7.76    396.467      14.107
  6.96    397.336      14.107
  7.87    393.977      14.107
  7.66    394.212      14.107
  7.82    391.681      14.107
  9.41    370.943      14.107
  9.18    378.264      14.107
  7.24    396.908      12.876
  9.48    376.842      12.876
  7.82    394.081      12.876
  8.62    386.624      12.876
  7.17    396.577      14.023
  8.69    385.427      14.023
  8.69    385.417      14.023
  7.96    395.678      14.023
  9.34    377.563      14.023
  8.11    390.822      14.023
  7.24    391.800      14.023
  6.66    397.103      14.023
  7.24    394.152      14.023
  6.88    397.096      12.822
  7.17    396.794      12.822
  8.25    399.898      12.822
  8.69    390.665      12.822
  8.83    383.971      12.822
 10.93    329.334      12.822
  5.80    391.559      12.822
 -7.89    393.929      42.916
 -7.73    408.452      42.916
 -7.81    365.339      42.916
 -7.81    408.324      42.916
 -5.66    396.140      42.916
 -7.23    409.020      42.916
 -8.64    407.284      42.916
 -5.58    381.830      42.916
 -4.50    353.700      42.916
 -4.34    368.238      42.916
  7.42    396.339      12.736
  7.22    399.164      12.736
  9.10    381.310      12.736
  7.09    404.523      12.736
  9.98    377.519      12.736
 10.62    355.957      12.736
  7.17    393.570      15.044
  8.12    389.955      15.044
  7.90    392.775      15.044
  7.17    391.005      15.044
  5.87    389.680      15.044
  8.70    384.136      15.044
  8.48    384.410      15.044
  9.42    370.454      15.044
  6.16    394.580      15.044
  7.10    398.531      13.660
  6.74    398.906      13.660
  8.77    384.826      13.660
  8.48    389.885      13.660
  9.35    377.043      13.660
  6.01    401.962      13.660
  5.80    397.424      13.660
  7.53    396.274      13.566
  7.24    391.883      13.566
  9.12    382.604      13.566
  6.08    395.378      13.566
  7.17    401.385      13.566
 10.71    345.434      13.566
 10.06    369.649      13.566
  7.88    401.759      41.734
  7.59    422.202      41.734
  6.73    362.731      41.734
  5.79    403.924      41.734
  6.87    382.742      41.734
  7.67    381.913      41.734
  7.38    402.342      41.734
  7.74    401.930      41.734
  9.11    340.160      41.734
  9.40    339.818      41.734
 -4.34    384.782      41.734
 -3.40    425.865      41.734
 -7.45    402.261      41.734
 -6.36    363.053      41.734
 -7.16    382.451      41.734
 -7.23    402.501      41.734
 -8.03    401.586      41.734
 -3.69    385.159      41.734
 -9.40    359.807      41.734
 -9.40    359.807      41.734
  7.39    401.278      14.556
  8.11    395.305      14.556
  7.24    396.305      14.556
  9.19    373.524      14.556
  9.56    370.496      14.556
  9.63    372.952      14.556
  7.53    388.305      14.556
  6.08    405.184      14.556
 -7.38    382.257      40.662
 -7.59    405.222      40.662
 -8.10    381.551      40.662
 -7.59    336.058      40.662
 -7.30    382.477      40.662
 -7.23    382.504      40.662
 -8.89    380.632      40.662
 -5.93    406.982      40.662
 -3.47    455.158      40.662
  2.96    362.416      40.662
  3.76    338.761      40.662
  7.16    405.614      40.662
  7.67    405.091      40.662
  7.09    382.653      40.662
  7.81    335.705      40.662
  9.47    379.779      40.662
  8.82    403.549      40.662
  5.86    430.060      40.662
  7.01    437.255      39.306
  7.01    437.255      39.306
  7.67    413.500      39.306
  6.36    414.918      39.306
  7.59    390.608      39.306
  8.75    389.225      39.306
  9.04    388.850      39.306
  8.03    413.060      39.306
 -7.16    391.078      39.306
 -7.23    414.001      39.306
 -7.01    368.214      39.306
 -7.67    390.528      39.306
 -7.16    391.078      39.306
 -7.95    390.197      39.306
  7.36    422.480      38.073
  5.92    403.808      38.073
  7.20    462.913      38.073
 -7.30    362.182      38.073
 -3.46    405.554      38.073
 -7.03    382.586      38.073
  7.16    362.322      38.073
  8.88    400.501      38.073
  8.32    390.349      36.945
  8.03    390.778      36.945
  7.52    431.602      36.945
  7.16    411.910      36.945
  6.80    371.974      36.945
  7.59    422.942      35.665
  9.11    380.845      35.665
  9.18    400.790      35.665
  7.67    402.719      35.665

Raw data of zonal winds in 2015
latitude  zonal-wind  uncertainty
-40.00     56.910      17.281
-39.50     47.734      16.819
-39.00     38.559      16.357
-38.50     29.071      15.879
-38.00     19.584      15.402
-37.50     10.983      16.600
-37.00      2.383      17.799
-36.50     -1.227      17.259
-36.00     -4.836      16.720
-35.50     -6.710      16.179
-35.00     -8.584      15.638
-34.50    -10.508      15.458
-34.00    -12.432      15.279
-33.50    -12.515      15.098
-33.00    -12.598      14.918
-32.50     -5.023      14.737
-32.00      2.552      14.556
-31.50     13.663      15.410
-31.00     24.774      16.265
-30.50     35.922      15.572
-30.00     47.069      14.880
-29.50     59.245      14.967
-29.00     71.420      15.055
-28.50     75.861      15.077
-28.00     80.302      15.099
-27.50     84.755      15.155
-27.00     89.208      15.211
-26.50     80.108      15.166
-26.00     71.008      15.121
-25.50     68.600      15.117
-25.00     66.192      15.113
-24.50     70.681      15.151
-24.00     75.170      15.190
-23.50     86.746      15.272
-23.00     98.323      15.354
-22.50    105.831      15.411
-22.00    113.339      15.467
-21.50    118.805      16.225
-21.00    124.271      16.983
-20.50    129.796      17.752
-20.00    135.322      18.521
-19.50    143.801      17.868
-19.00    152.281      17.215
-18.50    163.040      17.296
-18.00    173.800      17.376
-17.50    176.583      16.672
-17.00    179.366      15.967
-16.50    185.202      16.070
-16.00    191.039      16.173
-15.50    196.882      19.979
-15.00    202.725      23.784
-14.50    207.712      19.701
-14.00    212.699      15.618
-13.50    231.057      16.966
-13.00    249.414      18.314
-12.50    267.902      19.671
-12.00    286.389      21.029
-11.50    293.330      21.838
-11.00    300.271      22.648
-10.50    316.803      19.874
-10.00    333.336      17.100
 -9.50    349.879      17.127
 -9.00    366.423      17.153
 -8.50    367.009      18.643
 -8.00    367.594      20.133
 -7.50    368.855      19.405
 -7.00    370.116      18.678
 -6.50    375.763      17.936
 -6.00    381.410      17.195
 -5.50    387.049      16.492
 -5.00    392.688      15.790
 -4.50    405.341      16.735
 -4.00    417.995      17.679
 -3.50    430.641      17.665
 -3.00    443.287      17.650
 -2.50    436.000      17.608
 -2.00    428.712      17.566
 -1.50    421.333      17.522
 -1.00    413.591      12.320
 -0.50    415.388      12.729
  0.00    419.401      23.085
  0.50    416.329      21.610
  1.00    413.374      18.859
  1.50    411.782      21.564
  2.00    409.926      19.910
  2.50    407.293      20.176
  3.00    407.038      18.624
  3.50    409.148      20.919
  4.00    410.544      18.752
  4.50    410.231      19.480
  5.00    410.065      18.508
  5.50    408.345      21.868
  6.00    407.007      21.356
  6.50    407.209      21.784
  7.00    410.514      21.240
  7.50    409.542      22.001
  8.00    402.096      19.431
  8.50    395.691      17.774
  9.00    387.366      17.452
  9.50    381.437      18.048
 10.00    365.387      18.483
 10.50    351.820      19.148
 11.00    330.679      20.757
 11.50    317.693      19.064
 12.00    305.883      16.787
 12.50    298.276      17.715
 13.00    281.680      21.887
 13.50    268.398      24.116
 14.00    247.374      22.403
 14.50    236.271      18.944
 15.00    220.727      15.477
 15.50    209.557      15.117
 16.00    200.153      15.256
 16.50    196.486      14.916
 17.00    188.444      16.016
 17.50    180.427      16.723
 18.00    168.801      16.343
 18.50    163.325      16.621
 19.00    153.955      18.405
 19.50    146.476      20.170
 20.00    129.380      19.514
 20.50    117.840      18.297
 21.00    109.879      17.930
 21.50    104.257      17.654
 22.00     94.882      19.023
 22.50     90.942      19.617
 23.00     86.499      18.329
 23.50     83.197      16.717
 24.00     78.804      15.315
 24.50     77.196      14.214
 25.00     74.723      13.675
 25.50     73.756      14.492
 26.00     73.008      14.487
 26.50     70.012      14.529
 27.00     62.397      14.441
 27.50     57.330      14.746
 28.00     51.345      15.893
 28.50     49.248      16.400
 29.00     44.332      17.685
 29.50     34.918      17.463
 30.00     12.885      14.204
 30.50      4.849      12.675
 31.00      3.560      12.956
 31.50      2.254      13.539
 32.00      1.011      13.567
 32.50      0.776      13.344
 33.00      0.543      12.940
 33.50     -0.464      14.062
 34.00     -3.023      17.649
 34.50     -2.491      17.612
 35.00      3.830      18.653
 35.50      8.449      21.302
 36.00     13.673      19.248
 36.50     23.027      22.250
 37.00     40.855      23.815
 37.50     46.254      27.545
 38.00     51.695      27.827
 38.50     61.784      18.990
 39.00     81.521      31.358
 39.50     91.641      28.034
 40.00    107.011      24.724

Average data of zonal winds in 2006
latitude  zonal-wind  uncertainty
-25.50     70.886      55.671
-24.50     35.711      55.671
-23.50    106.704      16.916
-22.50    106.209      14.318
-21.50    110.432      55.671
-20.50    129.496      10.851
-19.50    110.621      27.564
-18.50    160.469      20.585
-17.50    178.886      34.221
-16.50    202.086      15.494
-15.50    224.761      14.923
-14.50    236.416      22.532
-13.50    268.027      23.471
-12.50    283.035      26.861
-11.50    317.368      15.239
-10.50    339.707      15.794
 -9.50    359.753      13.512
 -8.50    368.926      18.699
 -7.50    377.433      21.142
 -6.50    365.005      46.828
 -3.50    367.483      66.224
  5.50    387.148      20.711
  7.50    361.256      21.926
  8.50    381.962      11.964
  9.50    380.399      13.188
 11.50    321.299      17.082
 13.50    258.287      11.132
 14.50    218.357      26.518
 15.50    219.402      17.082
 16.50    207.522      26.518
 17.50    188.728      14.444
 18.50    182.942      30.174
 19.50    154.963      11.848
 20.50    145.942      14.868
 22.50    107.379      12.714
 23.50     93.156      21.926
 24.50     73.825      13.179
 25.50     81.586      21.353
 26.50     70.141      31.821
 27.50     71.466       9.213
 28.50     72.786      17.082
 29.50     59.534       8.670
 32.50      2.782      17.430
 33.50     -4.653      31.821

Average data of zonal winds in 2009
latitude  zonal-wind  uncertainty
-33.50    -20.426      47.305
-31.50      5.987      36.078
-30.50     28.613      27.403
-29.50     39.694      49.273
-28.50     53.313      49.273
-27.50     73.520      18.904
-24.50     65.429      29.230
-22.50     74.722      36.578
-21.50     83.550      36.078
-20.50     79.935      24.840
-18.50    129.613      28.760
-16.50    186.964      24.599
-15.50    221.967      19.917
-14.50    216.779      34.153
-13.50    266.398      18.336
-12.50    320.532      47.305
-11.50    307.185      21.240
-10.50    333.669      30.983
 -9.50    348.122      36.578
 -8.50    367.095      13.814
 -7.50    377.163      13.954
 -6.50    375.629      27.014
 -5.50    403.159      47.305
  2.50    448.259      21.124
  5.50    397.283      12.685
  6.50    399.901      17.086
  7.50    399.372       7.318
  8.50    377.571       9.036
  9.50    368.587       8.016
 10.50    356.557      12.700
 11.50    331.387      21.647
 12.50    274.272      25.934
 13.50    265.148      12.515
 14.50    233.498       8.681
 15.50    215.507      10.427
 16.50    198.662       9.601
 17.50    184.751       8.275
 18.50    155.681      25.813
 19.50    158.491      10.892
 20.50    130.190      10.621
 21.50    120.097      13.927
 22.50    105.118      14.001

Average data of zonal winds in 2011
latitude  zonal-wind  uncertainty
 -9.50    359.807      29.510
 -8.50    392.763      20.752
 -7.50    388.127       8.892
 -6.50    363.053      41.734
 -5.50    394.984      24.351
 -4.50    368.907      24.552
 -3.50    417.934      20.289
  2.50    362.416      40.662
  3.50    338.761      40.662
  5.50    402.742      12.272
  6.50    393.512       6.962
  7.50    400.116       3.992
  8.50    391.392       5.199
  9.50    374.322       5.714
 10.50    350.093       6.589

Average data of zonal winds in 2015
latitude  zonal-wind  uncertainty
-40.00     56.910      17.281
-39.50     47.734      16.819
-39.00     38.559      16.357
-38.50     29.071      15.879
-38.00     19.584      15.402
-37.50     10.983      16.600
-37.00      2.383      17.799
-36.50     -1.227      17.259
-36.00     -4.836      16.720
-35.50     -6.710      16.179
-35.00     -8.584      15.638
-34.50    -10.508      15.458
-34.00    -12.432      15.279
-33.50    -12.515      15.098
-33.00    -12.598      14.918
-32.50     -5.023      14.737
-32.00      2.552      14.556
-31.50     13.663      15.410
-31.00     24.774      16.265
-30.50     35.922      15.572
-30.00     47.069      14.880
-29.50     59.245      14.967
-29.00     71.420      15.055
-28.50     75.861      15.077
-28.00     80.302      15.099
-27.50     84.755      15.155
-27.00     89.208      15.211
-26.50     80.108      15.166
-26.00     71.008      15.121
-25.50     68.600      15.117
-25.00     66.192      15.113
-24.50     70.681      15.151
-24.00     75.170      15.190
-23.50     86.746      15.272
-23.00     98.323      15.354
-22.50    105.831      15.411
-22.00    113.339      15.467
-21.50    118.805      16.225
-21.00    124.271      16.983
-20.50    129.796      17.752
-20.00    135.322      18.521
-19.50    143.801      17.868
-19.00    152.281      17.215
-18.50    163.040      17.296
-18.00    173.800      17.376
-17.50    176.583      16.672
-17.00    179.366      15.967
-16.50    185.202      16.070
-16.00    191.039      16.173
-15.50    196.882      19.979
-15.00    202.725      23.784
-14.50    207.712      19.701
-14.00    212.699      15.618
-13.50    231.057      16.966
-13.00    249.414      18.314
-12.50    267.902      19.671
-12.00    286.389      21.029
-11.50    293.330      21.838
-11.00    300.271      22.648
-10.50    316.803      19.874
-10.00    333.336      17.100
 -9.50    349.879      17.127
 -9.00    366.423      17.153
 -8.50    367.009      18.643
 -8.00    367.594      20.133
 -7.50    368.855      19.405
 -7.00    370.116      18.678
 -6.50    375.763      17.936
 -6.00    381.410      17.195
 -5.50    387.049      16.492
 -5.00    392.688      15.790
 -4.50    405.341      16.735
 -4.00    417.995      17.679
 -3.50    430.641      17.665
 -3.00    443.287      17.650
 -2.50    436.000      17.608
 -2.00    428.712      17.566
 -1.50    421.333      17.522
 -1.00    413.591      12.320
 -0.50    415.388      12.729
  0.00    419.401      23.085
  0.50    416.329      21.610
  1.00    413.374      18.859
  1.50    411.782      21.564
  2.00    409.926      19.910
  2.50    407.293      20.176
  3.00    407.038      18.624
  3.50    409.148      20.919
  4.00    410.544      18.752
  4.50    410.231      19.480
  5.00    410.065      18.508
  5.50    408.345      21.868
  6.00    407.007      21.356
  6.50    407.209      21.784
  7.00    410.514      21.240
  7.50    409.542      22.001
  8.00    402.096      19.431
  8.50    395.691      17.774
  9.00    387.366      17.452
  9.50    381.437      18.048
 10.00    365.387      18.483
 10.50    351.820      19.148
 11.00    330.679      20.757
 11.50    317.693      19.064
 12.00    305.883      16.787
 12.50    298.276      17.715
 13.00    281.680      21.887
 13.50    268.398      24.116
 14.00    247.374      22.403
 14.50    236.271      18.944
 15.00    220.727      15.477
 15.50    209.557      15.117
 16.00    200.153      15.256
 16.50    196.486      14.916
 17.00    188.444      16.016
 17.50    180.427      16.723
 18.00    168.801      16.343
 18.50    163.325      16.621
 19.00    153.955      18.405
 19.50    146.476      20.170
 20.00    129.380      19.514
 20.50    117.840      18.297
 21.00    109.879      17.930
 21.50    104.257      17.654
 22.00     94.882      19.023
 22.50     90.942      19.617
 23.00     86.499      18.329
 23.50     83.197      16.717
 24.00     78.804      15.315
 24.50     77.196      14.214
 25.00     74.723      13.675
 25.50     73.756      14.492
 26.00     73.008      14.487
 26.50     70.012      14.529
 27.00     62.397      14.441
 27.50     57.330      14.746
 28.00     51.345      15.893
 28.50     49.248      16.400
 29.00     44.332      17.685
 29.50     34.918      17.463
 30.00     12.885      14.204
 30.50      4.849      12.675
 31.00      3.560      12.956
 31.50      2.254      13.539
 32.00      1.011      13.567
 32.50      0.776      13.344
 33.00      0.543      12.940
 33.50     -0.464      14.062
 34.00     -3.023      17.649
 34.50     -2.491      17.612
 35.00      3.830      18.653
 35.50      8.449      21.302
 36.00     13.673      19.248
 36.50     23.027      22.250
 37.00     40.855      23.815
 37.50     46.254      27.545
 38.00     51.695      27.827
 38.50     61.784      18.990
 39.00     81.521      31.358
 39.50     91.641      28.034
 40.00    107.011      24.724
